8.324352264404296875e+01
8.838741302490234375e+01
9.550933837890625000e+01
8.180845642089843750e+01
3.232390975952148438e+01
5.675634002685546875e+01
4.314461517333984375e+01
8.238815307617187500e+01
1.345428619384765625e+02
5.835082244873046875e+01
5.734311676025390625e+01
2.097833442687988281e+01
8.801100921630859375e+01
1.007324523925781250e+02
8.668289947509765625e+01
8.669154357910156250e+01
1.171946258544921875e+02
8.543575286865234375e+01
5.074911499023437500e+01
8.233071136474609375e+01
9.275249481201171875e+01
9.399633026123046875e+01
1.346165008544921875e+02
6.656298828125000000e+01
8.149292755126953125e+01
8.106519317626953125e+01
9.233472442626953125e+01
6.975727844238281250e+01
1.073274536132812500e+02
9.355455017089843750e+01
6.039788818359375000e+01
9.611279296875000000e+01
5.701331329345703125e+01
8.831988525390625000e+01
9.270236968994140625e+01
6.081035614013671875e+01
9.235999298095703125e+01
9.236709594726562500e+01
3.519110488891601562e+01
1.018683090209960938e+02
9.232211303710937500e+01
9.363311767578125000e+01
8.442411041259765625e+01
6.647559356689453125e+01
9.502622985839843750e+01
6.447245788574218750e+01
3.487016296386718750e+01
7.052902221679687500e+01
8.297711944580078125e+01
7.539894104003906250e+01
7.908814239501953125e+01
9.410401153564453125e+01
8.566893768310546875e+01
9.511937713623046875e+01
8.675502014160156250e+01
6.627084350585937500e+01
6.093250274658203125e+01
1.017999877929687500e+02
9.233573913574218750e+01
1.030855865478515625e+02
5.888616943359375000e+01
4.979544830322265625e+01
4.004634475708007812e+01
9.902180480957031250e+01
8.775550842285156250e+01
4.996865844726562500e+01
9.251154327392578125e+01
5.811925506591796875e+01
1.459875030517578125e+02
7.913851928710937500e+01
9.288272094726562500e+01
7.182429504394531250e+01
8.082743072509765625e+01
1.040440368652343750e+02
1.013836441040039062e+02
9.273813629150390625e+01
5.854441070556640625e+01
8.898648071289062500e+01
9.299757385253906250e+01
9.288866424560546875e+01
3.251970291137695312e+01
9.272362518310546875e+01
6.470367431640625000e+01
7.852805328369140625e+01
9.228815460205078125e+01
6.191993713378906250e+01
9.201686859130859375e+01
8.863921356201171875e+01
8.031768035888671875e+01
7.837886047363281250e+01
9.573873901367187500e+01
8.744006347656250000e+01
8.401350402832031250e+01
4.382745361328125000e+01
8.082718658447265625e+01
8.801756286621093750e+01
1.200339355468750000e+02
8.189530944824218750e+01
8.393471527099609375e+01
7.703266143798828125e+01
